0.05461837457899323
0.056334994486141696
0.045921418348150576
0.04953218330935592
0.054853130362831466
0.04758152003121178
0.045596705033874606
0.04492085232382177
0.0488826662794076
0.03889011917891091
0.04343487550975357
0.051019015783467674
0.0412195134427531
0.051214174317892734
0.05413941341148865
0.050084230176110654
0.04938620527448728
0.054788838269178526
0.05842964156668584
0.05144406511819892
0.04884113917794548
0.05369852533700343
0.051597444179769275
0.04804414684211701
0.04416450891649008
0.05699702560984879
0.049033694038626154
0.04611111125079324
0.04998940420712977
0.04401093916729524
0.04553739821059771
0.04802552237343349
0.04302906564389537
0.04618526863346538
0.05135020400818699
0.047536993881698186
0.042473339958171735
0.04431807393935429
0.0507067726975996
0.04905953645470586
0.05480774996962446
0.0479423726771889
0.049427071340537164
0.053857112738905644
0.051552111244909854
0.043440507076936224
0.05369035325114854
0.04733509865627118
0.03890117225988682
0.05092607031510413
0.0476849817641669
0.058490632723948915
0.04739603335039077
0.05101141529479059
0.053631126900285715
0.055330312963678324
0.0409463655504189
0.04403548029504622
0.039679417104852385
0.04819382768207843
0.05839805862588281
0.060366151440557854
0.05077599155655644
0.04998100045399581
0.04094535912305873
0.05066954585020486
0.05540868477092656
0.0415603897126144
0.045728804920981136
0.047355141729130766
0.04746814888483059
0.04204752955848767
0.04369723865896909
0.04537140683155255
0.057284226655247045
0.05753087105903379
0.04641137610396438
0.05595079574524523
0.05429151151058896
0.05549017429348986
0.05555794205857515
0.0507189661749045
0.051522908481037
0.05111324903656152
0.047239825634637064
0.055053387694478394
0.05343339237367098
0.04600092552490057
0.05315499453349668
0.05551626939799492
0.04464757742036555
0.05490562673525519
0.057936797649872085
0.04321435625429402
0.05630469716459405
0.046169194672916115
0.04474884382130577
0.04374048821663182
0.05975712974784009
0.049352686129281655
0.05077914069388358
